2.120000000000000000e+02,-3.373999708600972647e-01
8.000000000000000000e+00,-2.892200138561036304e-01
6.210000000000000000e+02,-2.834986836620585482e-01
3.620000000000000000e+02,-2.677202977274755202e-01
6.310000000000000000e+02,-2.673011893963690433e-01
2.000000000000000000e+02,-2.212376578814803374e-01
1.880000000000000000e+02,-2.019165005446847683e-01
1.000000000000000000e+00,-1.989211996136380778e-01
5.000000000000000000e+01,-1.904286962096391200e-01
9.200000000000000000e+01,-1.903210784622237361e-01
3.800000000000000000e+01,-1.866556169171265100e-01
1.040000000000000000e+02,-1.810884290755033488e-01
1.400000000000000000e+02,-1.809033185329702031e-01
1.520000000000000000e+02,-1.679969091394412084e-01
1.200000000000000000e+01,-1.555651027671992037e-01
2.040000000000000000e+02,-1.528886431588359907e-01
1.790000000000000000e+02,-1.522594840373170944e-01
1.900000000000000000e+01,-1.502982773213331069e-01
5.600000000000000000e+01,-1.483108286138773990e-01
2.070000000000000000e+02,-1.481941427024221491e-01
1.100000000000000000e+01,-1.470153799422183050e-01
2.600000000000000000e+01,-1.452524191238461215e-01
4.750000000000000000e+02,-1.416435127007120709e-01
1.470000000000000000e+02,-1.373979613455925675e-01
1.350000000000000000e+02,-1.360957632530888084e-01
6.420000000000000000e+02,-1.360957632530888084e-01
1.110000000000000000e+02,-1.360957632530888084e-01
1.280000000000000000e+02,-1.344643135769119646e-01
1.230000000000000000e+02,-1.343536762887211355e-01
2.000000000000000000e+00,-1.342791248966360151e-01
4.400000000000000000e+01,-1.328989500042880856e-01
7.100000000000000000e+01,-1.322729654099543128e-01
8.300000000000000000e+01,-1.276650690548495892e-01
6.200000000000000000e+01,-1.272149030992661412e-01
6.080000000000000000e+02,-1.266737336964930960e-01
4.600000000000000000e+02,-1.266737336964930960e-01
1.430000000000000000e+02,-1.243253859968325159e-01
7.000000000000000000e+00,-1.238549704422015063e-01
9.100000000000000000e+01,-1.235524011171208469e-01
8.000000000000000000e+01,-1.221097957448687432e-01
1.830000000000000000e+02,-1.198064300743654220e-01
3.500000000000000000e+01,-1.190477465297336557e-01
1.670000000000000000e+02,-1.190477465297336557e-01
3.600000000000000000e+02,-1.178070324009757308e-01
1.290000000000000000e+02,-1.159858589429528242e-01
3.000000000000000000e+00,-1.158147774439023947e-01
5.500000000000000000e+01,-1.155385246040169234e-01
4.900000000000000000e+02,-1.139130321179167016e-01
4.760000000000000000e+02,-1.129153381317647420e-01
1.990000000000000000e+02,-1.117795173456324620e-01
6.250000000000000000e+02,-1.103831553751002947e-01
6.700000000000000000e+01,-1.076500426116087650e-01
9.000000000000000000e+00,-1.071002175235947762e-01
2.930000000000000000e+02,-1.041908209679031638e-01
6.350000000000000000e+02,-1.041908209679031638e-01
4.300000000000000000e+01,-1.016316258122115235e-01
2.050000000000000000e+02,-1.004312069388410555e-01
2.990000000000000000e+02,-1.001352068136956430e-01
4.910000000000000000e+02,-9.898694753891362774e-02
6.300000000000000000e+02,-9.486886008847089657e-02
6.470000000000000000e+02,-9.486147287419760543e-02
4.890000000000000000e+02,-9.284211980682421927e-02
7.400000000000000000e+01,-9.115203709061159287e-02
5.310000000000000000e+02,-8.926209168456006315e-02
1.900000000000000000e+02,-8.817217703502477910e-02
5.000000000000000000e+02,-8.647579289905144018e-02
2.300000000000000000e+01,-8.617922543988382200e-02
5.060000000000000000e+02,-8.485980587471386727e-02
1.550000000000000000e+02,-8.436827361826060301e-02
1.000000000000000000e+01,-8.395333859057912962e-02
7.000000000000000000e+01,-8.291992163389244608e-02
6.800000000000000000e+01,-8.182577832679727159e-02
5.050000000000000000e+02,-8.085145062734538923e-02
4.000000000000000000e+00,-8.039295329202295060e-02
1.000000000000000000e+02,-7.948050843453335901e-02
1.480000000000000000e+02,-7.948050843453335901e-02
8.800000000000000000e+01,-7.936713283741464453e-02
3.100000000000000000e+01,-7.874552099084403123e-02
4.850000000000000000e+02,-7.819938038104928824e-02
1.960000000000000000e+02,-7.767353890937384042e-02
8.400000000000000000e+01,-7.639837468891969019e-02
4.610000000000000000e+02,-7.591020950473642559e-02
4.740000000000000000e+02,-7.516454017740836768e-02
7.900000000000000000e+01,-7.514169794730890528e-02
6.140000000000000000e+02,-7.415882183484451273e-02
1.200000000000000000e+02,-7.369241576719959275e-02
5.300000000000000000e+02,-7.273330355460982943e-02
5.160000000000000000e+02,-7.243412495711987198e-02
1.890000000000000000e+02,-7.201385634292956084e-02
5.010000000000000000e+02,-7.112849450643132787e-02
4.590000000000000000e+02,-6.976786733544165786e-02
5.150000000000000000e+02,-6.871871425950593082e-02
1.080000000000000000e+02,-6.855695063094502384e-02
1.320000000000000000e+02,-6.813750214712160913e-02
4.700000000000000000e+01,-6.811339653036724284e-02
1.360000000000000000e+02,-6.771932513959216804e-02
1.450000000000000000e+02,-6.691339970680909577e-02
5.200000000000000000e+02,-6.688675476275751652e-02
4.770000000000000000e+02,-6.576773058168200459e-02
6.300000000000000000e+01,-6.571215539146568752e-02
3.200000000000000000e+01,-6.567077823596195740e-02
1.510000000000000000e+02,-6.567077823596195740e-02
2.080000000000000000e+02,-6.560478947432113461e-02
4.990000000000000000e+02,-6.542604795492773517e-02
4.960000000000000000e+02,-6.482704809228145848e-02
3.580000000000000000e+02,-6.445421106035309489e-02
4.500000000000000000e+02,-6.400345267281953854e-02
5.140000000000000000e+02,-6.361473689034696788e-02
3.400000000000000000e+01,-6.360582303327216858e-02
2.400000000000000000e+01,-6.330020633586480594e-02
4.840000000000000000e+02,-6.298897293619215576e-02
3.900000000000000000e+01,-6.190516307471527480e-02
1.950000000000000000e+02,-6.165313619129392242e-02
6.260000000000000000e+02,-6.160485777252922013e-02
1.160000000000000000e+02,-5.959936556032296995e-02
5.210000000000000000e+02,-5.882951448043144405e-02
2.160000000000000000e+02,-5.862355390150147949e-02
4.650000000000000000e+02,-5.786470254060310792e-02
5.100000000000000000e+01,-5.733089370070637569e-02
4.450000000000000000e+02,-5.699608891114771314e-02
1.180000000000000000e+02,-5.689915192599814819e-02
2.940000000000000000e+02,-5.645565981610173312e-02
1.100000000000000000e+02,-5.527730068608283087e-02
1.440000000000000000e+02,-5.496587035149891332e-02
6.130000000000000000e+02,-5.429969432257281126e-02
4.700000000000000000e+02,-5.420658982609471988e-02
1.940000000000000000e+02,-5.417398280660556953e-02
5.460000000000000000e+02,-5.400403313116491910e-02
1.300000000000000000e+01,-5.339293549223028679e-02
1.150000000000000000e+02,-5.289645572532397644e-02
4.690000000000000000e+02,-5.197112053455571479e-02
4.920000000000000000e+02,-5.113888917716702398e-02
4.810000000000000000e+02,-5.108427588634800731e-02
5.040000000000000000e+02,-5.089388397850880263e-02
5.450000000000000000e+02,-5.010690830699077170e-02
9.400000000000000000e+01,-4.973656216426430854e-02
4.800000000000000000e+02,-4.959957256040214979e-02
4.550000000000000000e+02,-4.920443823505227243e-02
1.870000000000000000e+02,-4.881055099065068070e-02
1.270000000000000000e+02,-4.881055099065068070e-02
6.900000000000000000e+01,-4.846600978454468356e-02
2.100000000000000000e+01,-4.837574908872621648e-02
4.000000000000000000e+01,-4.832384983941284684e-02
4.860000000000000000e+02,-4.802648895288830211e-02
1.030000000000000000e+02,-4.770994016674939830e-02
3.600000000000000000e+01,-4.719434896004759405e-02
2.060000000000000000e+02,-4.709413420025865271e-02
1.400000000000000000e+01,-4.583309633005594463e-02
6.340000000000000000e+02,-4.559937227783755764e-02
1.600000000000000000e+01,-4.469809091231508047e-02
5.900000000000000000e+01,-4.435248491026327899e-02
5.350000000000000000e+02,-4.426310750134065941e-02
9.900000000000000000e+01,-4.417861633839764712e-02
2.700000000000000000e+01,-4.398472162959610188e-02
6.240000000000000000e+02,-4.252534538917468465e-02
4.540000000000000000e+02,-4.194053461845892450e-02
4.640000000000000000e+02,-4.126897205287749504e-02
1.410000000000000000e+02,-4.036322171234940637e-02
5.110000000000000000e+02,-4.000656869819912975e-02
3.120000000000000000e+02,-3.997242084585556077e-02
7.600000000000000000e+01,-3.995666111850221247e-02
1.640000000000000000e+02,-3.971358489280479853e-02
1.460000000000000000e+02,-3.957313846898979914e-02
4.400000000000000000e+02,-3.951268989160472422e-02
1.700000000000000000e+02,-3.932117877933133387e-02
4.950000000000000000e+02,-3.847894435056797846e-02
4.460000000000000000e+02,-3.795343710458881636e-02
5.190000000000000000e+02,-3.795159288096933148e-02
1.710000000000000000e+02,-3.792454001913198036e-02
5.360000000000000000e+02,-3.785890208471248686e-02
1.760000000000000000e+02,-3.659741864813986778e-02
5.290000000000000000e+02,-3.618374028996973468e-02
6.190000000000000000e+02,-3.561908644288463988e-02
1.980000000000000000e+02,-3.540492992718824450e-02
6.150000000000000000e+02,-3.495333207287754096e-02
9.600000000000000000e+01,-3.494032357024834390e-02
1.340000000000000000e+02,-3.464320897461597992e-02
4.510000000000000000e+02,-3.414179483438334328e-02
7.800000000000000000e+01,-3.365352860612103036e-02
4.440000000000000000e+02,-3.292333801331936982e-02
6.230000000000000000e+02,-3.272076847985966319e-02
1.580000000000000000e+02,-3.259221745757928668e-02
6.330000000000000000e+02,-3.216528647268623864e-02
2.960000000000000000e+02,-3.173229853136744216e-02
2.130000000000000000e+02,-3.162398174347663682e-02
4.620000000000000000e+02,-3.160717313892180691e-02
4.660000000000000000e+02,-3.152750277623750375e-02
4.710000000000000000e+02,-3.091915240530018760e-02
1.570000000000000000e+02,-2.941244236895429465e-02
1.390000000000000000e+02,-2.910803477741708001e-02
5.260000000000000000e+02,-2.869810306157138946e-02
9.700000000000000000e+01,-2.843209445748656750e-02
6.400000000000000000e+02,-2.760984146752137880e-02
3.350000000000000000e+02,-2.738020113092815011e-02
6.120000000000000000e+02,-2.672939295880427668e-02
1.600000000000000000e+02,-2.651218742898014957e-02
5.610000000000000000e+02,-2.589393848728521741e-02
1.070000000000000000e+02,-2.527844297221143455e-02
5.340000000000000000e+02,-2.507754094042485837e-02
3.130000000000000000e+02,-2.498953815017773694e-02
4.390000000000000000e+02,-2.445033639673460657e-02
4.350000000000000000e+02,-2.396732884620694781e-02
5.600000000000000000e+02,-2.382522904680023368e-02
1.530000000000000000e+02,-2.332735080873427069e-02
8.200000000000000000e+01,-2.332727333841044803e-02
5.100000000000000000e+02,-2.314554156565384879e-02
4.790000000000000000e+02,-2.277906169207061238e-02
3.060000000000000000e+02,-2.256895070402081815e-02
1.860000000000000000e+02,-2.256895070402081815e-02
1.190000000000000000e+02,-2.254213832313178845e-02
5.200000000000000000e+01,-2.254213832313178845e-02
4.500000000000000000e+01,-2.208252626730677903e-02
8.100000000000000000e+01,-2.201435243951471721e-02
5.120000000000000000e+02,-2.169372817337950066e-02
7.200000000000000000e+01,-2.164194408240022183e-02
2.140000000000000000e+02,-2.149682047506712435e-02
1.170000000000000000e+02,-2.111431419211434735e-02
5.410000000000000000e+02,-2.104505527111089069e-02
4.410000000000000000e+02,-2.086793768616251876e-02
1.840000000000000000e+02,-2.045073293841764839e-02
1.020000000000000000e+02,-1.985895506498114305e-02
4.110000000000000000e+02,-1.976149948436362047e-02
4.560000000000000000e+02,-1.897601164318046818e-02
4.260000000000000000e+02,-1.848900442406670175e-02
2.090000000000000000e+02,-1.847439844949466670e-02
5.070000000000000000e+02,-1.847243228016687278e-02
5.270000000000000000e+02,-1.839050042673401331e-02
2.030000000000000000e+02,-1.826499415234605905e-02
1.060000000000000000e+02,-1.809867221867073050e-02
4.340000000000000000e+02,-1.806860510555374777e-02
6.320000000000000000e+02,-1.797656730367708233e-02
4.490000000000000000e+02,-1.780745879680084576e-02
1.920000000000000000e+02,-1.780745879680084576e-02
6.380000000000000000e+02,-1.775468957604159348e-02
4.730000000000000000e+02,-1.768086075200786533e-02
5.400000000000000000e+02,-1.752128919824769149e-02
5.250000000000000000e+02,-1.752128919824769149e-02
6.110000000000000000e+02,-1.740448147372913867e-02
4.630000000000000000e+02,-1.693748143226758707e-02
1.800000000000000000e+01,-1.680967381003206640e-02
6.360000000000000000e+02,-1.667636610318223855e-02
4.580000000000000000e+02,-1.667636610318223855e-02
1.970000000000000000e+02,-1.659541859947860631e-02
4.970000000000000000e+02,-1.633866395581512476e-02
1.810000000000000000e+02,-1.619919045445294969e-02
6.000000000000000000e+00,-1.590762516695309881e-02
5.620000000000000000e+02,-1.589087856163451384e-02
4.830000000000000000e+02,-1.587795341042946839e-02
4.980000000000000000e+02,-1.587795341042946839e-02
4.300000000000000000e+02,-1.587211893193241075e-02
1.540000000000000000e+02,-1.574230508661833561e-02
4.820000000000000000e+02,-1.570512829876796745e-02
5.550000000000000000e+02,-1.549957635309995307e-02
5.470000000000000000e+02,-1.527701165384676152e-02
1.660000000000000000e+02,-1.464395789225825251e-02
4.940000000000000000e+02,-1.461862843060340866e-02
9.000000000000000000e+01,-1.436304680858918603e-02
5.000000000000000000e+00,-1.396796689154816695e-02
1.620000000000000000e+02,-1.394483601447527032e-02
4.480000000000000000e+02,-1.379360235266313683e-02
4.680000000000000000e+02,-1.366858670492709926e-02
3.970000000000000000e+02,-1.357673588368785156e-02
1.090000000000000000e+02,-1.351130886801543696e-02
4.600000000000000000e+01,-1.294844527034072490e-02
4.310000000000000000e+02,-1.290002212955693173e-02
1.590000000000000000e+02,-1.254554595977419584e-02
1.930000000000000000e+02,-1.238786394790991618e-02
3.760000000000000000e+02,-1.238412269731575810e-02
5.560000000000000000e+02,-1.210842336058237656e-02
5.320000000000000000e+02,-1.179632083666420916e-02
5.500000000000000000e+02,-1.156887513325116634e-02
5.780000000000000000e+02,-1.099627496379251834e-02
5.690000000000000000e+02,-1.086304072292870737e-02
5.170000000000000000e+02,-1.057888366299841731e-02
1.630000000000000000e+02,-1.049506787354581583e-02
6.040000000000000000e+02,-1.028390736686068951e-02
4.120000000000000000e+02,-9.419222415332662024e-03
4.360000000000000000e+02,-9.322612018150377988e-03
1.650000000000000000e+02,-9.297619339195428712e-03
3.460000000000000000e+02,-9.224741855102913668e-03
4.670000000000000000e+02,-9.059637979239865135e-03
3.770000000000000000e+02,-9.018267600375384774e-03
5.770000000000000000e+02,-8.936625487689642267e-03
1.120000000000000000e+02,-8.798461447532490709e-03
2.970000000000000000e+02,-8.798461447532490709e-03
3.920000000000000000e+02,-8.619986439530880062e-03
3.440000000000000000e+02,-8.304107311970676530e-03
2.200000000000000000e+01,-8.254423699095569944e-03
5.420000000000000000e+02,-8.254423699095569944e-03
4.250000000000000000e+02,-8.130619744436462515e-03
5.680000000000000000e+02,-8.108055815204850969e-03
4.200000000000000000e+01,-7.983205447153751688e-03
1.770000000000000000e+02,-7.900375258661440636e-03
3.410000000000000000e+02,-7.752135721286246284e-03
5.540000000000000000e+02,-7.696663949710524921e-03
4.530000000000000000e+02,-7.518409860609143180e-03
5.390000000000000000e+02,-7.493431887681423209e-03
5.570000000000000000e+02,-7.442359735118087016e-03
4.470000000000000000e+02,-7.442359735118087016e-03
5.440000000000000000e+02,-7.317111532148368180e-03
5.700000000000000000e+02,-7.172728130767080934e-03
5.820000000000000000e+02,-7.023012284056051602e-03
1.300000000000000000e+02,-6.664340600084694977e-03
3.210000000000000000e+02,-6.391257144416628844e-03
6.490000000000000000e+02,-6.160206785008393027e-03
8.600000000000000000e+01,-6.099428938715123483e-03
6.270000000000000000e+02,-6.060395456852274432e-03
5.090000000000000000e+02,-6.039068543470860195e-03
8.500000000000000000e+01,-5.873642989740079923e-03
3.530000000000000000e+02,-5.845725049101579973e-03
5.020000000000000000e+02,-5.705755323031802551e-03
5.800000000000000000e+01,-5.565887381176914950e-03
1.330000000000000000e+02,-5.565887381176914950e-03
3.570000000000000000e+02,-5.420830088461670027e-03
5.760000000000000000e+02,-5.376399075013804651e-03
6.010000000000000000e+02,-5.123838255482682236e-03
6.090000000000000000e+02,-5.101984021397276692e-03
6.410000000000000000e+02,-4.727350382971118314e-03
1.010000000000000000e+02,-4.709786783782365926e-03
6.440000000000000000e+02,-4.550036399814882948e-03
4.190000000000000000e+02,-4.550036399814882948e-03
3.180000000000000000e+02,-4.504940777683041908e-03
1.500000000000000000e+01,-4.504940777683041908e-03
5.590000000000000000e+02,-4.497247246338875737e-03
4.200000000000000000e+02,-4.455443890208188318e-03
5.710000000000000000e+02,-4.240971147002503550e-03
9.300000000000000000e+01,-3.961041067011616956e-03
3.610000000000000000e+02,-3.860190291808784924e-03
2.010000000000000000e+02,-3.714538782852438992e-03
3.490000000000000000e+02,-3.673930706210637442e-03
1.910000000000000000e+02,-3.190102897517532732e-03
2.000000000000000000e+01,-3.190102897517532732e-03
3.340000000000000000e+02,-2.982931353188666979e-03
5.720000000000000000e+02,-2.928628906080255057e-03
6.020000000000000000e+02,-2.315737382494409413e-03
5.130000000000000000e+02,-2.171133697536298257e-03
3.450000000000000000e+02,-1.874587439260833044e-03
5.890000000000000000e+02,-1.594122556242194566e-03
4.330000000000000000e+02,-1.579389135227204921e-03
5.870000000000000000e+02,-1.503500667876300767e-03
3.420000000000000000e+02,-1.450079270251591890e-03
3.470000000000000000e+02,-1.413480076322859436e-03
2.210000000000000000e+02,-1.413480076322859436e-03
6.200000000000000000e+02,-1.258320518606026450e-03
6.290000000000000000e+02,-1.212429311513107955e-03
2.180000000000000000e+02,-1.162696320688494378e-03
6.220000000000000000e+02,-1.115650629947451122e-03
4.290000000000000000e+02,-1.073702298186152149e-03
1.800000000000000000e+02,-1.058208244772873563e-03
4.520000000000000000e+02,-1.055317881869854979e-03
3.310000000000000000e+02,-8.795492859045572764e-04
2.800000000000000000e+01,-7.965681075722264026e-04
1.050000000000000000e+02,-7.960649500561300940e-04
3.250000000000000000e+02,-7.840242204797398529e-04
5.750000000000000000e+02,-7.832513798680662553e-04
3.400000000000000000e+02,-6.475005072297812525e-04
9.800000000000000000e+01,-6.173912715671248108e-04
2.190000000000000000e+02,-5.786178858310231377e-04
5.880000000000000000e+02,-5.786178858310231377e-04
2.890000000000000000e+02,-5.243278063160050628e-04
2.230000000000000000e+02,-5.243278063160050628e-04
2.240000000000000000e+02,-5.243278063160050628e-04
2.300000000000000000e+02,-5.243278063160050628e-04
2.870000000000000000e+02,-5.243278063160050628e-04
2.400000000000000000e+02,-2.886298957930910625e-04
2.410000000000000000e+02,-2.886298957930910625e-04
2.480000000000000000e+02,-2.886298957930910625e-04
2.610000000000000000e+02,-2.886298957930910625e-04
2.820000000000000000e+02,-2.886298957930910625e-04
2.660000000000000000e+02,-2.886298957930910625e-04
2.380000000000000000e+02,-2.886298957930910625e-04
2.770000000000000000e+02,-2.886298957930910625e-04
2.690000000000000000e+02,-2.886298957930910625e-04
2.730000000000000000e+02,-2.886298957930910625e-04
2.800000000000000000e+02,-2.886298957930910625e-04
2.370000000000000000e+02,-2.886298957930910625e-04
2.270000000000000000e+02,-2.886298957930910625e-04
2.810000000000000000e+02,-2.886298957930910625e-04
6.160000000000000000e+02,-2.886298957930910625e-04
2.280000000000000000e+02,-2.886298957930910625e-04
2.320000000000000000e+02,-2.886298957930910625e-04
2.910000000000000000e+02,-2.886298957930910625e-04
6.100000000000000000e+02,-2.886298957930910625e-04
6.030000000000000000e+02,-2.886298957930910625e-04
2.220000000000000000e+02,-2.886298957930910625e-04
2.310000000000000000e+02,-2.886298957930910625e-04
2.200000000000000000e+02,-2.886298957930910625e-04
2.790000000000000000e+02,-2.308186322581007310e-04
2.250000000000000000e+02,-2.308186322581007310e-04
2.170000000000000000e+02,-2.308186322581007310e-04
5.790000000000000000e+02,-8.457936410843913677e-05
6.500000000000000000e+01,-8.457936410843913677e-05
3.630000000000000000e+02,-4.264694262529067359e-05
2.720000000000000000e+02,0.000000000000000000e+00
2.710000000000000000e+02,0.000000000000000000e+00
2.740000000000000000e+02,0.000000000000000000e+00
2.750000000000000000e+02,0.000000000000000000e+00
2.700000000000000000e+02,0.000000000000000000e+00
2.680000000000000000e+02,0.000000000000000000e+00
2.760000000000000000e+02,0.000000000000000000e+00
2.670000000000000000e+02,0.000000000000000000e+00
2.780000000000000000e+02,0.000000000000000000e+00
2.650000000000000000e+02,0.000000000000000000e+00
2.260000000000000000e+02,0.000000000000000000e+00
2.640000000000000000e+02,0.000000000000000000e+00
2.360000000000000000e+02,0.000000000000000000e+00
2.350000000000000000e+02,0.000000000000000000e+00
2.340000000000000000e+02,0.000000000000000000e+00
2.330000000000000000e+02,0.000000000000000000e+00
2.390000000000000000e+02,0.000000000000000000e+00
2.420000000000000000e+02,0.000000000000000000e+00
2.430000000000000000e+02,0.000000000000000000e+00
2.450000000000000000e+02,0.000000000000000000e+00
2.460000000000000000e+02,0.000000000000000000e+00
2.470000000000000000e+02,0.000000000000000000e+00
2.290000000000000000e+02,0.000000000000000000e+00
2.490000000000000000e+02,0.000000000000000000e+00
2.500000000000000000e+02,0.000000000000000000e+00
2.510000000000000000e+02,0.000000000000000000e+00
2.520000000000000000e+02,0.000000000000000000e+00
2.530000000000000000e+02,0.000000000000000000e+00
2.540000000000000000e+02,0.000000000000000000e+00
2.550000000000000000e+02,0.000000000000000000e+00
2.560000000000000000e+02,0.000000000000000000e+00
2.570000000000000000e+02,0.000000000000000000e+00
2.580000000000000000e+02,0.000000000000000000e+00
2.590000000000000000e+02,0.000000000000000000e+00
2.600000000000000000e+02,0.000000000000000000e+00
2.630000000000000000e+02,0.000000000000000000e+00
2.620000000000000000e+02,0.000000000000000000e+00
2.440000000000000000e+02,0.000000000000000000e+00
2.830000000000000000e+02,0.000000000000000000e+00
2.840000000000000000e+02,0.000000000000000000e+00
2.850000000000000000e+02,0.000000000000000000e+00
2.920000000000000000e+02,0.000000000000000000e+00
2.860000000000000000e+02,0.000000000000000000e+00
2.880000000000000000e+02,0.000000000000000000e+00
3.430000000000000000e+02,1.617533794853187601e-04
2.900000000000000000e+02,2.872787393340403561e-04
3.550000000000000000e+02,5.732131769733972426e-04
4.430000000000000000e+02,6.023097198588622803e-04
1.140000000000000000e+02,7.550217025829586426e-04
2.020000000000000000e+02,9.352887486011596252e-04
3.480000000000000000e+02,1.141076156776943407e-03
6.170000000000000000e+02,1.142373777489713582e-03
6.000000000000000000e+02,1.146278754624530105e-03
3.520000000000000000e+02,1.351747518660018077e-03
6.050000000000000000e+02,1.408507529312486017e-03
5.940000000000000000e+02,1.442416230369725216e-03
4.320000000000000000e+02,1.695284327769497335e-03
2.900000000000000000e+01,1.695284327769497335e-03
3.540000000000000000e+02,2.002058323080591062e-03
4.180000000000000000e+02,2.031950246453195774e-03
5.700000000000000000e+01,2.039022341109031355e-03
3.300000000000000000e+01,2.039022341109031355e-03
3.030000000000000000e+02,2.039022341109031355e-03
3.750000000000000000e+02,2.048596346584330430e-03
3.500000000000000000e+02,2.283252970618265820e-03
1.680000000000000000e+02,2.376948806793011126e-03
4.720000000000000000e+02,2.451126336307174469e-03
6.280000000000000000e+02,2.499787434959654941e-03
5.490000000000000000e+02,2.714527782390008248e-03
6.000000000000000000e+01,2.909151054743763787e-03
3.780000000000000000e+02,2.917172699429759763e-03
1.720000000000000000e+02,2.952735829656549793e-03
1.700000000000000000e+01,3.053859512094858619e-03
3.270000000000000000e+02,3.085717823373468338e-03
1.850000000000000000e+02,3.202859992038398218e-03
4.100000000000000000e+01,3.202859992038398218e-03
5.400000000000000000e+01,3.452532619185488816e-03
3.000000000000000000e+01,3.545774704663384735e-03
6.480000000000000000e+02,3.545774704663384735e-03
3.510000000000000000e+02,3.660516060962570872e-03
2.110000000000000000e+02,3.682455066446932435e-03
5.220000000000000000e+02,3.772169840250361172e-03
1.260000000000000000e+02,3.803598203318658832e-03
3.390000000000000000e+02,3.839521245552590667e-03
4.880000000000000000e+02,3.933951509902167132e-03
3.560000000000000000e+02,4.059910811522349228e-03
3.360000000000000000e+02,4.290080831689802032e-03
1.820000000000000000e+02,4.320688804480887768e-03
1.740000000000000000e+02,4.446740235562129939e-03
3.330000000000000000e+02,4.531166842477840628e-03
4.870000000000000000e+02,4.694179455141556101e-03
5.280000000000000000e+02,4.786414010531425678e-03
1.210000000000000000e+02,4.798230124212710113e-03
3.370000000000000000e+02,4.803802266322820813e-03
7.500000000000000000e+01,4.941176786084022776e-03
6.460000000000000000e+02,5.040930629394535512e-03
5.800000000000000000e+02,5.187733806023608896e-03
2.950000000000000000e+02,5.286790381376027526e-03
3.380000000000000000e+02,5.327441059969906245e-03
3.590000000000000000e+02,5.817625824322547601e-03
1.240000000000000000e+02,5.924778649853690293e-03
5.650000000000000000e+02,5.924778649853690293e-03
4.020000000000000000e+02,6.024764148409578191e-03
4.570000000000000000e+02,6.413968870082775720e-03
6.600000000000000000e+01,6.413968870082775720e-03
1.380000000000000000e+02,6.515158866064352239e-03
4.100000000000000000e+02,6.522452211765006336e-03
4.170000000000000000e+02,6.901435000402245112e-03
5.530000000000000000e+02,6.997458802505851505e-03
5.030000000000000000e+02,7.443521438431133230e-03
1.250000000000000000e+02,7.629428018182837778e-03
1.500000000000000000e+02,7.753574561142784205e-03
1.130000000000000000e+02,7.871243368046787481e-03
4.370000000000000000e+02,7.884823568167109720e-03
6.180000000000000000e+02,8.029387697131074031e-03
5.830000000000000000e+02,8.083641329344193327e-03
3.850000000000000000e+02,8.187414484519317526e-03
5.630000000000000000e+02,8.202279509663290558e-03
6.400000000000000000e+01,8.353609476401901990e-03
5.860000000000000000e+02,8.544131950892042138e-03
4.270000000000000000e+02,8.595722052468890428e-03
5.930000000000000000e+02,8.678886040168032334e-03
5.840000000000000000e+02,9.074019131252442083e-03
5.430000000000000000e+02,9.130389488458012792e-03
3.840000000000000000e+02,9.130389488458012792e-03
3.160000000000000000e+02,9.143413823509138894e-03
3.830000000000000000e+02,9.371324836688066373e-03
3.880000000000000000e+02,9.404858717870057117e-03
3.810000000000000000e+02,9.636434944374994149e-03
4.240000000000000000e+02,1.005198709863908135e-02
4.030000000000000000e+02,1.035155081023753088e-02
1.690000000000000000e+02,1.050367897054943489e-02
4.090000000000000000e+02,1.072085818424900472e-02
1.420000000000000000e+02,1.076744714295074790e-02
5.300000000000000000e+01,1.097696733079006615e-02
3.870000000000000000e+02,1.102603678682978483e-02
4.040000000000000000e+02,1.105607537895580972e-02
4.070000000000000000e+02,1.111275798120031633e-02
4.900000000000000000e+01,1.115308035903656014e-02
4.000000000000000000e+02,1.121300562045446370e-02
3.860000000000000000e+02,1.124971030731874988e-02
1.750000000000000000e+02,1.125747832727524989e-02
3.290000000000000000e+02,1.145672763479643752e-02
5.970000000000000000e+02,1.168387730055470142e-02
3.820000000000000000e+02,1.210848405966619135e-02
4.420000000000000000e+02,1.215315154202512016e-02
5.950000000000000000e+02,1.221987112769212791e-02
4.010000000000000000e+02,1.221987112769212791e-02
3.640000000000000000e+02,1.245873333439662112e-02
5.980000000000000000e+02,1.285409133532322556e-02
1.730000000000000000e+02,1.308695086079342262e-02
5.810000000000000000e+02,1.308695086079342262e-02
3.070000000000000000e+02,1.326631808074696384e-02
3.960000000000000000e+02,1.339984633464375019e-02
3.010000000000000000e+02,1.365785416001391583e-02
3.720000000000000000e+02,1.378318671930445216e-02
7.300000000000000000e+01,1.382743403925684733e-02
3.910000000000000000e+02,1.413141641685933259e-02
3.190000000000000000e+02,1.415561256075287266e-02
5.670000000000000000e+02,1.419489975888604816e-02
2.980000000000000000e+02,1.424184220512603183e-02
5.380000000000000000e+02,1.443555448883176995e-02
4.210000000000000000e+02,1.446352911003628838e-02
3.710000000000000000e+02,1.447593590131801555e-02
5.640000000000000000e+02,1.465813286806222360e-02
3.700000000000000000e+02,1.470608350631041894e-02
5.920000000000000000e+02,1.474152552632507218e-02
3.020000000000000000e+02,1.493584884813303759e-02
4.050000000000000000e+02,1.496022344377284652e-02
4.280000000000000000e+02,1.496022344377284652e-02
3.800000000000000000e+02,1.502880132806688751e-02
3.220000000000000000e+02,1.520734811371365902e-02
7.700000000000000000e+01,1.562330850989462894e-02
3.100000000000000000e+02,1.583656168776842454e-02
8.700000000000000000e+01,1.607898581265110316e-02
3.930000000000000000e+02,1.625659768137993622e-02
3.740000000000000000e+02,1.630259425808960883e-02
4.160000000000000000e+02,1.630648400970380330e-02
3.900000000000000000e+02,1.646411616790938170e-02
4.060000000000000000e+02,1.663477316220601798e-02
4.150000000000000000e+02,1.667840399716080668e-02
3.200000000000000000e+02,1.676036110041617677e-02
5.580000000000000000e+02,1.687791764190255117e-02
3.320000000000000000e+02,1.706752083427276467e-02
3.950000000000000000e+02,1.715279158956584116e-02
1.490000000000000000e+02,1.749789530761508560e-02
5.510000000000000000e+02,1.780377099896834903e-02
3.260000000000000000e+02,1.811312545329607504e-02
5.960000000000000000e+02,1.828336485654635801e-02
3.730000000000000000e+02,1.856112324050673834e-02
5.180000000000000000e+02,1.860411705449066533e-02
3.300000000000000000e+02,1.865483112916477282e-02
1.610000000000000000e+02,1.868558455756458292e-02
1.370000000000000000e+02,1.881179004501404295e-02
5.730000000000000000e+02,1.909642690323792857e-02
5.740000000000000000e+02,1.913632418836480609e-02
4.780000000000000000e+02,1.920468318054552315e-02
6.370000000000000000e+02,1.925250093433955589e-02
5.230000000000000000e+02,1.940506112242179615e-02
5.910000000000000000e+02,1.945278990040455458e-02
3.000000000000000000e+02,1.949689846943375438e-02
5.520000000000000000e+02,1.961396879287785611e-02
4.130000000000000000e+02,1.979151107984089553e-02
3.690000000000000000e+02,1.979151107984089553e-02
4.080000000000000000e+02,1.996434289963061604e-02
5.330000000000000000e+02,2.021827998092867729e-02
4.140000000000000000e+02,2.023706323820928521e-02
8.900000000000000000e+01,2.065088712965851281e-02
3.980000000000000000e+02,2.075537190514692432e-02
3.650000000000000000e+02,2.092397216214841871e-02
6.390000000000000000e+02,2.105933734714166006e-02
5.900000000000000000e+02,2.121906528542111259e-02
3.040000000000000000e+02,2.121906528542111259e-02
1.310000000000000000e+02,2.146303864604504064e-02
3.700000000000000000e+01,2.165713306349431599e-02
6.100000000000000000e+01,2.165713306349431599e-02
3.680000000000000000e+02,2.166959865661421958e-02
3.080000000000000000e+02,2.187178206493017862e-02
3.090000000000000000e+02,2.188710432834312103e-02
3.230000000000000000e+02,2.190427593114085969e-02
1.220000000000000000e+02,2.216787739431408388e-02
5.480000000000000000e+02,2.227428138888049025e-02
4.220000000000000000e+02,2.233757938467700876e-02
3.110000000000000000e+02,2.247333586917593662e-02
5.370000000000000000e+02,2.247459302172238882e-02
3.660000000000000000e+02,2.305202245964588226e-02
6.060000000000000000e+02,2.337715277139346126e-02
3.170000000000000000e+02,2.366318101270303842e-02
3.670000000000000000e+02,2.385904095660135171e-02
6.430000000000000000e+02,2.391715486849804728e-02
5.660000000000000000e+02,2.399860774842438316e-02
3.790000000000000000e+02,2.406016853984122017e-02
3.150000000000000000e+02,2.420177775307108536e-02
3.140000000000000000e+02,2.427800579659750158e-02
5.990000000000000000e+02,2.448043162392915528e-02
4.230000000000000000e+02,2.480397658965333152e-02
1.780000000000000000e+02,2.507383786067046705e-02
3.940000000000000000e+02,2.523010757174565244e-02
2.500000000000000000e+01,2.533436436595448704e-02
4.380000000000000000e+02,2.545856388941597492e-02
5.080000000000000000e+02,2.596317225488048441e-02
9.500000000000000000e+01,2.610812262063827438e-02
3.050000000000000000e+02,2.657124401334848285e-02
4.930000000000000000e+02,2.683690014399570112e-02
6.450000000000000000e+02,2.701906312326468607e-02
5.850000000000000000e+02,2.764875133515382055e-02
3.240000000000000000e+02,2.868789023982376563e-02
1.560000000000000000e+02,2.880300959608178557e-02
3.280000000000000000e+02,3.007847556916021237e-02
6.070000000000000000e+02,3.070295869496625363e-02
3.990000000000000000e+02,3.136786240298861106e-02
